bin-data.asc
ncols        180
nrows        360
xllcorner    -122.050277314182
yllcorner    37.300277404166
cellsize     0.000277777780
NODATA_value  -999999
[rows 198 to 215 of 360, columns 123 to 163 of 180]
45.167316436767578125 45.14569091796875 45.19365692138671875 45.24608612060546875 45.5618438720703125 44.96942901611328125 44.2325286865234375 43.967319488525390625 43.644512176513671875 43.367107391357421875 43.049530029296875 42.738010406494140625 42.385395050048828125 42.122203826904296875 41.806941986083984375 41.54741668701171875 41.374267578125 41.20345306396484375 41.13037872314453125 41.12091064453125 41.060268402099609375 40.945301055908203125 40.6160430908203125 40.5769500732421875 40.642314910888671875 40.683868408203125 40.65561676025390625 40.489688873291015625 40.153797149658203125 40.27307891845703125 40.304821014404296875 40.316558837890625 40.26071929931640625 40.024749755859375 39.703174591064453125 39.426258087158203125 39.184291839599609375 38.73555755615234375 38.01153564453125 38.020648956298828125 37.9969940185546875
45.93280792236328125 45.977039337158203125 45.649600982666015625 45.2579498291015625 45.57232666015625 45.011470794677734375 44.264446258544921875 44.2933197021484375 44.0200042724609375 43.3568572998046875 43.020610809326171875 42.744140625 42.330219268798828125 41.99492645263671875 41.662250518798828125 41.4006195068359375 41.28859710693359375 41.15401458740234375 41.07419586181640625 40.984889984130859375 40.887371063232421875 40.77936553955078125 40.809906005859375 41.242351531982421875 41.54007720947265625 41.653575897216796875 41.274669647216796875 41.01538848876953125 40.28557586669921875 40.550769805908203125 40.751567840576171875 40.75502777099609375 40.726314544677734375 40.4937744140625 40.045963287353515625 39.7010650634765625 39.38298797607421875 38.945819854736328125 38.233184814453125 38.410999298095703125 38.4145050048828125
46.2095489501953125 46.00022125244140625 45.6399688720703125 45.29875946044921875 45.4561004638671875 44.975353240966796875 44.352283477783203125 44.450042724609375 44.270183563232421875 43.45208740234375 42.86325836181640625 42.6566619873046875 42.340267181396484375 42.023761749267578125 41.765300750732421875 41.688533782958984375 41.65648651123046875 41.641010284423828125 41.631412506103515625 41.6016998291015625 41.640880584716796875 41.595310211181640625 41.677928924560546875 42.057010650634765625 41.98093414306640625 41.87607574462890625 41.72296905517578125 41.377227783203125 40.510829925537109375 40.664581298828125 40.84532928466796875 40.75148773193359375 40.739170074462890625 40.5967864990234375 40.228515625 39.869922637939453125 39.5335845947265625 39.130680084228515625 38.4423980712890625 38.6621856689453125 38.602413177490234375
46.15201568603515625 46.05770111083984375 45.634380340576171875 45.5274505615234375 45.71839141845703125 45.15116119384765625 44.52381134033203125 44.665935516357421875 44.61936187744140625 43.836597442626953125 43.355449676513671875 43.44720458984375 43.302738189697265625 43.205570220947265625 43.100177764892578125 43.0846405029296875 43.026775360107421875 43.00263214111328125 42.937015533447265625 42.8822784423828125 42.872318267822265625 42.59502410888671875 42.66092681884765625 42.833904266357421875 42.34503173828125 42.05693817138671875 41.912784576416015625 41.644695281982421875 40.738666534423828125 40.73130035400390625 40.73021697998046875 40.745227813720703125 40.731975555419921875 40.635707855224609375 40.30513763427734375 39.94065093994140625 39.606899261474609375 39.23291015625 38.635906219482421875 38.8997344970703125 38.852268218994140625
46.524333953857421875 46.545238494873046875 45.91942596435546875 45.72922515869140625 45.906833648681640625 45.210445404052734375 44.7122955322265625 44.790218353271484375 44.57486724853515625 43.874935150146484375 43.5648040771484375 43.6111297607421875 43.518306732177734375 43.4540252685546875 43.37277984619140625 43.289180755615234375 43.303119659423828125 43.201465606689453125 43.084781646728515625 43.17838287353515625 43.015308380126953125 42.809261322021484375 42.99497222900390625 42.959728240966796875 42.662258148193359375 42.38813018798828125 42.13323211669921875 41.853054046630859375 40.972156524658203125 40.893001556396484375 40.69397735595703125 40.6572113037109375 40.68415069580078125 40.65776824951171875 40.342891693115234375 39.979473114013671875 39.65084075927734375 39.350490570068359375 38.817897796630859375 39.059902191162109375 39.04294586181640625
46.691967010498046875 46.753662109375 46.132732391357421875 45.946498870849609375 46.139095306396484375 45.529476165771484375 45.064727783203125 45.221538543701171875 44.901702880859375 44.0547027587890625 43.9261322021484375 44.08496856689453125 43.901203155517578125 43.870548248291015625 43.6933135986328125 43.486541748046875 43.76975250244140625 43.64386749267578125 43.342739105224609375 43.66419219970703125 43.3608551025390625 42.9713897705078125 43.109401702880859375 43.068141937255859375 42.65331268310546875 42.227184295654296875 41.903469085693359375 41.550556182861328125 41.110897064208984375 41.12963104248046875 40.727191925048828125 40.509136199951171875 40.44393157958984375 40.491024017333984375 40.3911590576171875 40.053974151611328125 39.784557342529296875 39.527439117431640625 38.9990997314453125 39.1447601318359375 39.121063232421875
46.84112548828125 46.961025238037109375 46.38240814208984375 46.152843475341796875 46.3450469970703125 45.86395263671875 45.46718597412109375 45.6448974609375 45.27158355712890625 44.3818359375 44.282161712646484375 44.5447235107421875 44.388591766357421875 44.191120147705078125 43.8983917236328125 43.684295654296875 43.992771148681640625 43.89282989501953125 43.581752777099609375 43.872264862060546875 43.537014007568359375 43.089855194091796875 43.23187255859375 43.1832275390625 42.831516265869140625 42.553524017333984375 42.271327972412109375 41.92757415771484375 41.272857666015625 41.22374725341796875 41.025318145751953125 40.809879302978515625 40.548061370849609375 40.385501861572265625 40.239620208740234375 40.0689544677734375 39.8994598388671875 39.4735870361328125 39.0972900390625 39.29502105712890625 39.3324127197265625
46.987003326416015625 47.150360107421875 46.63088226318359375 46.402240753173828125 46.642200469970703125 46.227199554443359375 45.8647613525390625 45.871875762939453125 45.56513214111328125 44.864894866943359375 44.7048492431640625 44.9150390625 44.57674407958984375 44.238719940185546875 44.324481964111328125 44.139873504638671875 44.33469390869140625 44.159488677978515625 43.8239898681640625 44.06475830078125 43.7353515625 43.20975494384765625 43.21361541748046875 43.04248809814453125 42.7149200439453125 42.493350982666015625 42.272716522216796875 41.937042236328125 41.38335418701171875 41.409290313720703125 41.267528533935546875 41.076690673828125 40.8664093017578125 40.625926971435546875 40.3078155517578125 40.073627471923828125 40.1266632080078125 39.68769073486328125 39.280239105224609375 39.51132965087890625 39.52032470703125
47.152069091796875 47.336544036865234375 46.8546142578125 46.647235870361328125 46.935886383056640625 46.511077880859375 46.19891357421875 46.185062408447265625 45.829860687255859375 45.244853973388671875 45.1329803466796875 45.3534698486328125 44.977191925048828125 44.7219696044921875 45.0716705322265625 44.9395599365234375 44.757633209228515625 44.488368988037109375 44.086269378662109375 44.276317596435546875 43.955081939697265625 43.38286590576171875 43.107334136962890625 42.79140472412109375 42.373805999755859375 42.164516448974609375 42.123626708984375 41.84917449951171875 41.513690948486328125 41.5184783935546875 41.294971466064453125 40.923366546630859375 41.08364105224609375 40.9373321533203125 40.636882781982421875 40.453281402587890625 40.319644927978515625 39.938625335693359375 39.48862457275390625 39.69608306884765625 39.693523406982421875
47.45849609375 47.5378570556640625 47.171047210693359375 46.944244384765625 47.25461578369140625 46.873973846435546875 46.44240570068359375 46.5618438720703125 46.33831787109375 45.71598052978515625 45.62700653076171875 45.78107452392578125 45.434406280517578125 45.2022705078125 45.48130035400390625 45.2079620361328125 44.865024566650390625 44.7173919677734375 44.47724151611328125 44.5602569580078125 44.17322540283203125 43.648487091064453125 43.595897674560546875 43.39313507080078125 42.730377197265625 42.495876312255859375 42.714916229248046875 42.248012542724609375 41.80777740478515625 42.050228118896484375 41.7517242431640625 41.131801605224609375 41.322551727294921875 41.23723602294921875 40.969432830810546875 40.7725677490234375 40.58652496337890625 40.34134674072265625 39.764743804931640625 39.941570281982421875 40.00342559814453125
48.128887176513671875 48.117431640625 47.782245635986328125 47.279193878173828125 47.63582611083984375 47.381549835205078125 46.6738128662109375 46.77388763427734375 46.59991455078125 46.118793487548828125 46.050212860107421875 46.16443634033203125 45.821537017822265625 45.57538604736328125 45.794536590576171875 45.48561859130859375 45.212909698486328125 45.332424163818359375 44.856201171875 44.574535369873046875 44.28252410888671875 43.847576141357421875 43.879669189453125 43.778232574462890625 42.9958343505859375 42.694248199462890625 43.03841400146484375 42.558826446533203125 42.036983489990234375 42.334011077880859375 42.053802490234375 41.325038909912109375 41.450733184814453125 41.421436309814453125 41.026073455810546875 40.5779876708984375 40.428592681884765625 40.2470245361328125 39.92376708984375 40.140750885009765625 40.191005706787109375
47.9904022216796875 47.915676116943359375 47.733867645263671875 47.564121246337890625 47.9052886962890625 47.6435546875 46.9305419921875 47.18619537353515625 47.030467987060546875 46.4192047119140625 46.15830230712890625 46.091888427734375 45.90514373779296875 45.850925445556640625 45.985797882080078125 45.5846710205078125 45.21612548828125 45.414031982421875 44.721729278564453125 44.261615753173828125 44.21856689453125 44.046825408935546875 44.13932037353515625 43.951839447021484375 43.132781982421875 42.807048797607421875 43.199382781982421875 42.88632965087890625 42.626728057861328125 42.560089111328125 42.28363800048828125 41.518352508544921875 41.572551727294921875 41.528942108154296875 41.210575103759765625 40.85565948486328125 40.678348541259765625 40.508831024169921875 40.19213104248046875 40.368450164794921875 40.397953033447265625
48.19753265380859375 48.247966766357421875 48.137065887451171875 48.1417388916015625 48.260799407958984375 47.89374542236328125 47.21028900146484375 47.418323516845703125 47.187122344970703125 46.567779541015625 46.441242218017578125 46.53762054443359375 46.445537567138671875 46.318389892578125 46.180957794189453125 45.58759307861328125 45.121334075927734375 45.33327484130859375 44.69467926025390625 44.195415496826171875 44.40894317626953125 44.3487396240234375 44.197391510009765625 43.831096649169921875 43.201206207275390625 42.90845489501953125 43.238109588623046875 43.024486541748046875 42.851924896240234375 42.5860595703125 42.30368804931640625 41.6372528076171875 41.604633331298828125 41.623493194580078125 41.478885650634765625 41.312236785888671875 41.1144561767578125 40.977558135986328125 40.4820556640625 40.5303192138671875 40.592624664306640625
48.719699859619140625 48.950656890869140625 48.836589813232421875 48.687198638916015625 48.459346771240234375 47.997753143310546875 47.46312713623046875 47.527557373046875 47.215572357177734375 46.6593017578125 46.562442779541015625 46.57109832763671875 46.440578460693359375 46.262416839599609375 45.948978424072265625 45.389736175537109375 44.98017120361328125 44.957550048828125 44.488468170166015625 44.058353424072265625 44.02439117431640625 43.89102935791015625 43.70489501953125 43.45243072509765625 43.137615203857421875 42.90358734130859375 42.8902740478515625 42.65523529052734375 42.455150604248046875 42.243534088134765625 42.034366607666015625 41.70102691650390625 41.59864044189453125 41.45844268798828125 41.253948211669921875 41.086452484130859375 40.927890777587890625 40.768627166748046875 40.462848663330078125 40.418121337890625 40.333133697509765625
48.71612548828125 48.73458099365234375 48.56591033935546875 48.38176727294921875 48.272731781005859375 47.955730438232421875 47.647541046142578125 47.569179534912109375 47.3046417236328125 46.838054656982421875 46.6088104248046875 46.5831298828125 46.17804718017578125 45.941745758056640625 45.919879913330078125 45.558917999267578125 45.241352081298828125 44.999908447265625 44.67057037353515625 44.149662017822265625 44.155109405517578125 44.05416107177734375 43.89945220947265625 43.62793731689453125 43.40423583984375 43.234180450439453125 43.08199310302734375 42.877574920654296875 42.706233978271484375 42.5169830322265625 42.35845184326171875 41.914459228515625 41.958316802978515625 41.9360809326171875 41.630157470703125 41.499134063720703125 41.394474029541015625 41.151294708251953125 40.60761260986328125 40.76799774169921875 40.60752105712890625
49.169910430908203125 49.334568023681640625 48.84835052490234375 48.549701690673828125 48.817935943603515625 48.30542755126953125 47.81098175048828125 47.96271514892578125 47.782886505126953125 47.080020904541015625 46.828899383544921875 46.944919586181640625 46.353351593017578125 46.091342926025390625 46.3048858642578125 45.93914794921875 45.619403839111328125 45.412319183349609375 45.08916473388671875 44.399784088134765625 44.51348876953125 44.393840789794921875 44.23886871337890625 43.923717498779296875 43.6556243896484375 43.473659515380859375 43.3416900634765625 43.2039794921875 43.039073944091796875 42.80675506591796875 42.6009979248046875 42.073719024658203125 42.110687255859375 42.232204437255859375 41.88545989990234375 41.47304534912109375 41.262950897216796875 40.969997406005859375 40.7014617919921875 40.945560455322265625 40.6847686767578125
49.4373626708984375 49.58933258056640625 48.9686431884765625 48.644397735595703125 48.940608978271484375 48.455821990966796875 47.93982696533203125 48.110195159912109375 47.863140106201171875 47.15238189697265625 46.936183929443359375 47.051059722900390625 46.440135955810546875 46.197269439697265625 46.418247222900390625 45.966678619384765625 45.434795379638671875 45.206661224365234375 44.929241180419921875 44.586032867431640625 44.394702911376953125 44.128002166748046875 43.8714752197265625 43.611103057861328125 43.394443511962890625 43.2633514404296875 43.13417816162109375 42.975559234619140625 42.804843902587890625 42.5891265869140625 42.37363433837890625 42.089649200439453125 42.238101959228515625 42.406978607177734375 41.95662689208984375 41.3059234619140625 41.092926025390625 40.849514007568359375 40.82186126708984375 41.1050872802734375 40.855052947998046875
49.743862152099609375 49.809719085693359375 49.079311370849609375 48.7396087646484375 49.055820465087890625 48.5879974365234375 48.061161041259765625 48.185943603515625 47.940185546875 47.22637939453125 47.0274810791015625 47.1318511962890625 46.56009674072265625 46.315093994140625 46.600856781005859375 46.17746734619140625 45.641754150390625 45.292781829833984375 45.39420318603515625 45.21977996826171875 44.939723968505859375 44.671504974365234375 44.45996856689453125 44.172611236572265625 43.927890777587890625 43.7675018310546875 43.652118682861328125 43.479969024658203125 43.333637237548828125 43.121349334716796875 42.90744781494140625 42.44724273681640625 42.42417144775390625 42.593807220458984375 42.19799041748046875 41.928558349609375 41.66533660888671875 41.265544891357421875 40.952022552490234375 41.2671051025390625 41.0442962646484375
