bin-data.asc
ncols        180
nrows        360
xllcorner    -122.050277314182
yllcorner    37.300277404166
cellsize     0.000277777780
NODATA_value  -999999
[rows 288 to 305 of 360, columns 123 to 163 of 180]
62.415035247802734375 62.65289306640625 62.292407989501953125 61.695514678955078125 61.558269500732421875 61.452976226806640625 60.955318450927734375 60.4936065673828125 59.2574462890625 59.7653045654296875 60.663936614990234375 60.83889007568359375 60.767070770263671875 61.0559234619140625 60.805530548095703125 60.437091827392578125 60.20455169677734375 60.110256195068359375 60.02239227294921875 59.72180938720703125 59.520252227783203125 59.70203399658203125 59.78501129150390625 59.793750762939453125 59.650173187255859375 59.3289947509765625 59.20160675048828125 59.15374755859375 59.007671356201171875 58.235965728759765625 57.920879364013671875 57.81055450439453125 57.643535614013671875 57.510700225830078125 57.3056640625 57.307342529296875 57.2856597900390625 57.15349578857421875 56.87581634521484375 56.8873291015625 56.713176727294921875
62.708385467529296875 62.863826751708984375 62.412052154541015625 61.873195648193359375 62.111209869384765625 61.86260986328125 61.2532196044921875 60.626888275146484375 60.492107391357421875 61.022861480712890625 61.117374420166015625 60.816501617431640625 60.84307861328125 61.07604217529296875 61.07823944091796875 60.816028594970703125 60.759616851806640625 60.68820953369140625 60.423816680908203125 60.108753204345703125 59.7677459716796875 59.635120391845703125 59.741184234619140625 59.788707733154296875 59.737823486328125 59.2423858642578125 59.006622314453125 58.986949920654296875 58.9854278564453125 58.627407073974609375 58.335315704345703125 58.1605987548828125 57.989597320556640625 57.767726898193359375 57.5243988037109375 57.5413055419921875 57.498447418212890625 57.320003509521484375 57.11048126220703125 57.153377532958984375 56.86531829833984375
63.131404876708984375 62.992465972900390625 62.4620208740234375 62.1187286376953125 62.348697662353515625 62.03847503662109375 60.49449920654296875 61.1282958984375 61.347965240478515625 61.4362640380859375 61.196743011474609375 60.899097442626953125 60.846660614013671875 60.982280731201171875 61.39165496826171875 61.0221710205078125 60.99022674560546875 60.74941253662109375 60.501087188720703125 60.3002166748046875 59.946262359619140625 59.630275726318359375 59.757366180419921875 59.81320953369140625 59.7721099853515625 59.375579833984375 59.1836090087890625 59.15349578857421875 59.137348175048828125 58.842243194580078125 58.554767608642578125 58.388782501220703125 58.2380523681640625 58.017669677734375 57.762569427490234375 57.7409820556640625 57.655303955078125 57.472381591796875 57.259967803955078125 57.1772613525390625 56.93121337890625
63.458644866943359375 63.091625213623046875 62.56948089599609375 62.58350372314453125 62.550937652587890625 61.273571014404296875 61.119815826416015625 61.649829864501953125 61.415927886962890625 61.316188812255859375 61.44103240966796875 61.272403717041015625 61.06087493896484375 61.3167572021484375 61.443881988525390625 61.074291229248046875 61.046161651611328125 60.895946502685546875 60.69605255126953125 60.59590911865234375 60.196071624755859375 59.90317535400390625 59.955074310302734375 59.936187744140625 60.0458526611328125 59.708431243896484375 59.396694183349609375 59.338191986083984375 59.2903594970703125 59.045589447021484375 58.73476409912109375 58.544490814208984375 58.452037811279296875 58.341648101806640625 58.0393524169921875 58.028167724609375 57.925655364990234375 57.632389068603515625 57.429279327392578125 57.310001373291015625 57.1118316650390625
63.692432403564453125 63.214916229248046875 62.796718597412109375 63.08928680419921875 61.851520538330078125 61.166996002197265625 62.471866607666015625 62.108402252197265625 61.60443115234375 61.419261932373046875 61.479648590087890625 61.609668731689453125 61.584758758544921875 61.643543243408203125 61.644962310791015625 61.612628936767578125 61.5035400390625 61.291797637939453125 61.035053253173828125 60.840793609619140625 60.445529937744140625 60.235469818115234375 60.20265960693359375 60.153820037841796875 60.119632720947265625 59.8496246337890625 59.6277313232421875 59.5695648193359375 59.502201080322265625 59.280239105224609375 58.944599151611328125 58.775913238525390625 58.672000885009765625 58.525150299072265625 58.248096466064453125 58.25847625732421875 58.2117462158203125 58.0242156982421875 57.666744232177734375 57.565563201904296875 57.26406097412109375
63.836009979248046875 63.251628875732421875 63.19196319580078125 62.78885650634765625 61.097507476806640625 62.67490386962890625 62.560016632080078125 62.23708343505859375 61.8865203857421875 61.892551422119140625 61.95550537109375 62.03054046630859375 62.00644683837890625 61.976078033447265625 61.982875823974609375 61.89459991455078125 61.6943511962890625 61.48906707763671875 61.351848602294921875 61.0641937255859375 60.726535797119140625 60.594669342041015625 60.55748748779296875 60.393527984619140625 60.239078521728515625 59.99814605712890625 59.876140594482421875 59.83603668212890625 59.76656341552734375 59.55252838134765625 59.14356231689453125 59.01622772216796875 58.88866424560546875 58.689937591552734375 58.4296722412109375 58.42037200927734375 58.320369720458984375 58.064281463623046875 57.8461456298828125 57.793247222900390625 57.550487518310546875
63.912662506103515625 63.38303375244140625 63.594959259033203125 62.299816131591796875 61.897808074951171875 63.134960174560546875 62.78924560546875 62.755519866943359375 62.526371002197265625 62.318599700927734375 62.268894195556640625 62.32457733154296875 62.318477630615234375 62.077816009521484375 62.179912567138671875 62.1793670654296875 61.98027801513671875 62.0242156982421875 61.77466583251953125 61.419628143310546875 61.0917205810546875 61.024261474609375 60.931095123291015625 60.6876983642578125 60.432933807373046875 60.2854766845703125 60.3877716064453125 60.42488861083984375 60.353923797607421875 60.05120086669921875 59.233272552490234375 59.011028289794921875 58.889617919921875 58.772998809814453125 58.60262298583984375 58.640796661376953125 58.559112548828125 58.327068328857421875 58.101474761962890625 58.049541473388671875 57.8229217529296875
63.91724395751953125 63.719333648681640625 63.72320556640625 61.65514373779296875 62.613620758056640625 63.439605712890625 63.225612640380859375 63.238067626953125 63.02091217041015625 62.757114410400390625 62.71852874755859375 62.983852386474609375 62.74956512451171875 62.4344329833984375 62.5044097900390625 62.502597808837890625 62.29822540283203125 62.180561065673828125 62.020977020263671875 61.865081787109375 61.467212677001953125 61.318546295166015625 61.112522125244140625 60.803546905517578125 60.590061187744140625 60.550373077392578125 60.575042724609375 60.63312530517578125 60.582721710205078125 60.257366180419921875 59.505401611328125 59.320308685302734375 59.20194244384765625 59.13896942138671875 58.878261566162109375 58.900638580322265625 58.77854156494140625 58.54315185546875 58.3328857421875 58.282283782958984375 57.995594024658203125
64.13694000244140625 63.758819580078125 62.095294952392578125 62.444805145263671875 63.858306884765625 63.8034820556640625 63.678646087646484375 63.69322967529296875 63.553676605224609375 63.287410736083984375 63.136531829833984375 63.395294189453125 63.132259368896484375 62.909801483154296875 62.883533477783203125 62.801845550537109375 62.622692108154296875 62.39420318603515625 62.3451690673828125 62.20987701416015625 61.82921600341796875 61.4254608154296875 61.142444610595703125 61.026462554931640625 60.9987640380859375 61.0366973876953125 60.668796539306640625 60.647125244140625 60.588245391845703125 60.35048675537109375 59.746898651123046875 59.7005157470703125 59.602489471435546875 59.443145751953125 59.112499237060546875 59.142971038818359375 59.052463531494140625 58.766040802001953125 58.577640533447265625 58.537822723388671875 58.2784423828125
64.0747528076171875 62.494598388671875 63.531276702880859375 64.52603912353515625 64.4026336669921875 64.32225799560546875 64.289093017578125 64.1956634521484375 64.02861785888671875 63.801273345947265625 63.65984344482421875 63.8571319580078125 63.735157012939453125 63.62560272216796875 63.4739532470703125 63.277355194091796875 63.115093231201171875 62.89568328857421875 62.697147369384765625 62.501873016357421875 62.140201568603515625 61.598712921142578125 61.263629913330078125 61.14971160888671875 61.126125335693359375 61.11113739013671875 60.683380126953125 60.646602630615234375 60.588153839111328125 60.45008087158203125 59.906070709228515625 59.78995513916015625 59.702098846435546875 59.5414886474609375 59.304828643798828125 59.4272613525390625 59.26775360107421875 58.98993682861328125 58.84130096435546875 58.867549896240234375 58.607234954833984375
65.08402252197265625 62.702667236328125 64.77027130126953125 64.949676513671875 64.6242523193359375 64.36890411376953125 64.44116973876953125 64.36197662353515625 64.10276031494140625 63.8951568603515625 63.787822723388671875 63.872562408447265625 63.717060089111328125 63.522853851318359375 63.378894805908203125 63.192718505859375 63.03269195556640625 62.8824920654296875 62.753887176513671875 62.600337982177734375 62.337726593017578125 61.81096649169921875 61.51078033447265625 61.28975677490234375 61.155109405517578125 60.992145538330078125 60.630481719970703125 60.64447784423828125 60.589691162109375 60.47255706787109375 60.115962982177734375 60.00717926025390625 59.836978912353515625 59.760051727294921875 59.523616790771484375 59.572723388671875 59.495586395263671875 59.347141265869140625 59.149921417236328125 59.201152801513671875 59.0159149169921875
63.79230499267578125 63.643276214599609375 65.36939239501953125 65.1430511474609375 64.82985687255859375 64.586029052734375 64.62215423583984375 64.68369293212890625 64.485260009765625 64.16405487060546875 63.92264556884765625 64.09154510498046875 63.75591278076171875 63.55341339111328125 63.51873016357421875 63.35500335693359375 63.1315155029296875 63.0212860107421875 63.050861358642578125 62.929534912109375 62.62773895263671875 62.184417724609375 61.8927764892578125 61.68247222900390625 61.529888153076171875 61.165828704833984375 60.686420440673828125 60.620662689208984375 60.60195159912109375 60.640468597412109375 60.645366668701171875 60.45528411865234375 60.169437408447265625 60.021114349365234375 59.80670166015625 59.87992095947265625 59.83819580078125 59.716899871826171875 59.4425506591796875 59.50643157958984375 59.388103485107421875
63.428279876708984375 65.45616912841796875 65.56877899169921875 65.2431488037109375 64.96857452392578125 64.91741180419921875 65.03028106689453125 65.07256317138671875 64.832611083984375 64.37784576416015625 64.21506500244140625 64.41199493408203125 63.911022186279296875 63.7100677490234375 63.665317535400390625 63.447177886962890625 63.24274444580078125 63.226657867431640625 63.306354522705078125 63.189426422119140625 62.896259307861328125 62.63758087158203125 62.348140716552734375 62.10108184814453125 61.948375701904296875 61.796115875244140625 61.51064300537109375 61.298259735107421875 61.205036163330078125 61.113010406494140625 61.05561065673828125 60.953563690185546875 60.64553070068359375 60.3034515380859375 60.2682647705078125 60.39707183837890625 60.427410125732421875 60.23516082763671875 59.79718017578125 59.842685699462890625 59.704364776611328125
65.84955596923828125 66.20468902587890625 65.815093994140625 65.453277587890625 65.21930694580078125 65.33309173583984375 65.42769622802734375 65.3915252685546875 65.070037841796875 64.651611328125 64.5264129638671875 64.7557220458984375 64.32411956787109375 64.07834625244140625 63.951953887939453125 63.73351287841796875 63.61333465576171875 63.5020599365234375 63.534091949462890625 63.38416290283203125 63.01531982421875 62.8960723876953125 62.654338836669921875 62.47983551025390625 62.2786102294921875 62.235294342041015625 62.132579803466796875 62.03250885009765625 61.915966033935546875 61.68213653564453125 61.394107818603515625 61.083709716796875 60.86011505126953125 60.6868438720703125 60.6460723876953125 60.61397552490234375 60.594661712646484375 60.37575531005859375 60.0337371826171875 59.99505615234375 59.799102783203125
66.44896697998046875 66.4186553955078125 66.05777740478515625 65.74983978271484375 65.59777069091796875 65.50656890869140625 65.37654876708984375 65.23090362548828125 65.042388916015625 64.81015777587890625 64.77533721923828125 64.7967529296875 64.58017730712890625 64.4318389892578125 64.26390838623046875 64.09610748291015625 63.975856781005859375 63.798366546630859375 63.62499237060546875 63.335292816162109375 63.05865478515625 62.7935333251953125 62.560184478759765625 62.391506195068359375 62.25197601318359375 62.2214813232421875 62.283351898193359375 62.260501861572265625 62.074779510498046875 61.88465118408203125 61.668087005615234375 61.346691131591796875 61.12644195556640625 61.147502899169921875 60.830928802490234375 60.73191070556640625 60.557437896728515625 60.40807342529296875 60.291900634765625 60.08560943603515625 59.858486175537109375
66.04027557373046875 66.48108673095703125 66.10153961181640625 65.86109161376953125 65.9607696533203125 65.80371856689453125 65.58184814453125 65.392791748046875 65.2773895263671875 65.06743621826171875 65.10146331787109375 65.19873046875 64.8103790283203125 64.4212493896484375 64.41660308837890625 64.25383758544921875 64.04280853271484375 63.920867919921875 63.679168701171875 63.418247222900390625 63.3348388671875 62.879375457763671875 62.675853729248046875 62.38811492919921875 62.244609832763671875 62.322132110595703125 62.286930084228515625 62.18527984619140625 62.0888671875 61.96930694580078125 61.675357818603515625 61.51540374755859375 61.480499267578125 61.35431671142578125 61.105121612548828125 60.9575958251953125 60.7990570068359375 60.63106536865234375 60.503383636474609375 60.273242950439453125 60.07306671142578125
65.83795166015625 66.808013916015625 66.43967437744140625 66.13123321533203125 66.13883209228515625 65.96930694580078125 65.7579193115234375 65.60467529296875 65.424468994140625 65.26873779296875 65.38434600830078125 65.58881378173828125 64.846588134765625 64.32059478759765625 64.54012298583984375 64.454132080078125 64.16423797607421875 64.02971649169921875 63.684356689453125 63.415729522705078125 63.474758148193359375 63.10633087158203125 63.0457305908203125 62.789913177490234375 62.57663726806640625 62.770740509033203125 62.8869781494140625 62.8168487548828125 62.83477783203125 62.8192901611328125 62.106044769287109375 61.76137542724609375 61.594318389892578125 61.36499786376953125 61.220493316650390625 61.01183319091796875 60.85466766357421875 60.64502716064453125 60.446186065673828125 60.28472900390625 60.206905364990234375
66.112060546875 67.13242340087890625 66.72875213623046875 66.429595947265625 66.47965240478515625 66.47841644287109375 66.28427886962890625 66.10050201416015625 65.68297576904296875 65.46047210693359375 65.52970123291015625 65.7672882080078125 64.9046173095703125 64.540679931640625 64.588958740234375 64.56612396240234375 64.37244415283203125 64.11008453369140625 63.617870330810546875 63.422718048095703125 63.53612518310546875 63.222988128662109375 63.157093048095703125 63.004581451416015625 62.779422760009765625 62.89891815185546875 63.006290435791015625 62.99761199951171875 63.046329498291015625 62.948978424072265625 62.350093841552734375 62.016635894775390625 61.814990997314453125 61.558563232421875 61.239501953125 61.1895294189453125 60.983364105224609375 60.812191009521484375 60.554088592529296875 60.35797882080078125 60.1868743896484375
