bin-data.asc
ncols        180
nrows        360
xllcorner    -122.050277314182
yllcorner    37.300277404166
cellsize     0.000277777780
NODATA_value  -999999
[rows 18 to 35 of 360, columns 123 to 163 of 180]
9.2174434661865234375 9.1259756088256835938 9.025848388671875 9.0408639907836914062 8.94739532470703125 8.9487972259521484375 8.7345190048217773438 8.2335138320922851562 7.8547115325927734375 8.84743499755859375 11.757747650146484375 12.855699539184570312 9.3301181793212890625 7.9092664718627929688 7.9836940765380859375 8.2053079605102539062 8.2890386581420898438 8.40435028076171875 8.4599761962890625 8.4956493377685546875 8.4919481277465820312 8.3967037200927734375 8.2749662399291992188 8.10898590087890625 8.046539306640625 7.9065604209899902344 7.8186240196228027344 8.06282806396484375 7.9903116226196289062 7.7985296249389648438 7.7523045539855957031 7.7782616615295410156 7.8616051673889160156 8.0290651321411132812 8.1640367507934570312 8.1455984115600585938 7.9895381927490234375 7.75396728515625 7.5198545455932617188 7.4054136276245117188 7.3992099761962890625
9.4680805206298828125 9.4746646881103515625 9.206043243408203125 9.1413326263427734375 9.0987834930419921875 8.8924303054809570312 8.8402614593505859375 8.8402070999145507812 8.770336151123046875 9.7487611770629882812 11.83206939697265625 11.888642311096191406 9.124652862548828125 8.0358896255493164062 8.079280853271484375 8.183475494384765625 8.2590780258178710938 8.4884519577026367188 8.5510816574096679688 8.5496206283569335938 8.44211578369140625 8.4111118316650390625 8.47994232177734375 8.5334386825561523438 8.5100030899047851562 8.481716156005859375 8.4205493927001953125 8.384937286376953125 8.3549070358276367188 8.3211641311645507812 8.2686395645141601562 8.2290802001953125 8.1187162399291992188 8.0002336502075195312 7.9056868553161621094 7.8536400794982910156 7.839427947998046875 7.7189350128173828125 7.5472469329833984375 7.4927792549133300781 7.5766391754150390625
9.7775974273681640625 9.6360988616943359375 9.3099527359008789062 9.27008056640625 9.1309862136840820312 8.9964361190795898438 8.797756195068359375 8.89279937744140625 9.047107696533203125 9.1933956146240234375 10.658741950988769531 10.558034896850585938 9.4568395614624023438 8.7613439559936523438 8.702487945556640625 8.7021808624267578125 8.8713312149047851562 8.9257574081420898438 8.8269090652465820312 8.6190633773803710938 8.17249298095703125 8.3135004043579101562 8.2361602783203125 8.4023885726928710938 8.3441209793090820312 8.3681621551513671875 8.4606695175170898438 8.5325870513916015625 8.5723905563354492188 8.575847625732421875 8.5564298629760742188 8.5379772186279296875 8.5106058120727539062 8.4323339462280273438 8.3145923614501953125 8.1486988067626953125 7.9448246955871582031 7.7305822372436523438 7.5430011749267578125 7.4990983009338378906 7.5529627799987792969
9.8699502944946289062 9.6359109878540039062 9.4331693649291992188 9.3348445892333984375 9.1913099288940429688 9.0360097885131835938 8.9576559066772460938 8.8494024276733398438 9.0529165267944335938 9.0501279830932617188 9.6488466262817382812 8.99554443359375 8.9185628890991210938 9.0769214630126953125 9.0745687484741210938 8.9004659652709960938 8.8325214385986328125 8.8173131942749023438 8.8155012130737304688 8.3737058639526367188 8.3733844757080078125 8.7930202484130859375 8.6798791885375976562 9.2586078643798828125 8.7799901962280273438 8.3957910537719726562 8.3595790863037109375 8.5130825042724609375 8.535121917724609375 8.5216531753540039062 8.5763750076293945312 8.617351531982421875 8.6569757461547851562 8.6736040115356445312 8.6108770370483398438 8.5157690048217773438 8.4401569366455078125 8.2205448150634765625 8.007038116455078125 7.77460479736328125 7.5683946609497070312
9.8807191848754882812 9.6571035385131835938 9.5535125732421875 9.4463443756103515625 9.295196533203125 9.1684350967407226562 9.008380889892578125 8.9973964691162109375 9.1885013580322265625 9.0005292892456054688 9.032489776611328125 8.95697784423828125 9.1919565200805664062 9.1537847518920898438 9.0155162811279296875 8.8528890609741210938 8.7846841812133789062 8.7589206695556640625 8.742900848388671875 8.2954301834106445312 8.79418182373046875 9.0231609344482421875 8.8818559646606445312 8.8847227096557617188 8.8099298477172851562 8.6326684951782226562 8.4743871688842773438 8.6661634445190429688 8.6575136184692382812 8.52715301513671875 8.6436405181884765625 8.611057281494140625 8.5381097793579101562 8.5957612991333007812 8.6631069183349609375 8.7497186660766601562 8.7781267166137695312 8.700069427490234375 8.5679407119750976562 8.3689451217651367188 8.1393022537231445312
9.9334716796875 9.73148345947265625 9.671482086181640625 9.5855646133422851562 9.4521808624267578125 9.288188934326171875 9.1190624237060546875 9.2465457916259765625 9.2460184097290039062 9.1003694534301757812 9.0225925445556640625 9.3555574417114257812 9.4494981765747070312 9.3721323013305664062 9.2918710708618164062 9.0720500946044921875 8.9170522689819335938 8.8929338455200195312 8.820556640625 8.3294734954833984375 9.0519351959228515625 8.9615325927734375 8.81133270263671875 8.7879705429077148438 8.7448949813842773438 8.63922882080078125 8.5662937164306640625 8.7509794235229492188 8.73555755615234375 8.6144914627075195312 8.8110809326171875 8.7727651596069335938 8.5499372482299804688 8.7090024948120117188 8.6121149063110351562 8.51805877685546875 8.6169080734252929688 8.6991786956787109375 8.7945842742919921875 8.8625583648681640625 8.8431825637817382812
10.076089859008789062 9.6833705902099609375 9.8252115249633789062 9.6217279434204101562 9.4345502853393554688 9.4359807968139648438 9.3764858245849609375 9.4578905105590820312 9.3442564010620117188 9.3047552108764648438 9.2601919174194335938 9.5962076187133789062 9.5804452896118164062 9.5885286331176757812 9.6823558807373046875 9.6187620162963867188 9.4583587646484375 9.3492307662963867188 8.7621450424194335938 8.7303466796875 9.1744775772094726562 8.9893827438354492188 8.96893310546875 9.0462808609008789062 9.0193939208984375 8.9037265777587890625 8.6805219650268554688 8.8489284515380859375 8.8348817825317382812 8.7002620697021484375 8.9401798248291015625 8.8894510269165039062 8.6275663375854492188 8.834552764892578125 8.7530221939086914062 8.5497264862060546875 8.7083415985107421875 8.6662731170654296875 8.5183629989624023438 8.6331453323364257812 8.7518339157104492188
10.159745216369628906 10.018126487731933594 10.68181610107421875 10.59169769287109375 9.69919586181640625 10.08284759521484375 10.140273094177246094 9.899555206298828125 9.670001983642578125 9.5442380905151367188 9.6134843826293945312 9.7134160995483398438 9.635833740234375 9.6768016815185546875 9.7013349533081054688 9.68114471435546875 9.6128978729248046875 9.5545501708984375 8.6627626419067382812 9.188076019287109375 9.2148942947387695312 9.03879547119140625 9.1973180770874023438 9.2435741424560546875 9.0941686630249023438 8.9469585418701171875 8.84925079345703125 9.0806980133056640625 9.003482818603515625 8.7815189361572265625 9.0642375946044921875 9.0067968368530273438 8.704387664794921875 8.8635320663452148438 8.7969226837158203125 8.6374387741088867188 8.8015766143798828125 8.786411285400390625 8.5746412277221679688 8.7344675064086914062 8.6074352264404296875
10.178510665893554688 10.025044441223144531 10.238284111022949219 10.342051506042480469 9.6970367431640625 10.380466461181640625 10.163209915161132812 9.9542016983032226562 9.800876617431640625 9.7501277923583984375 9.8065500259399414062 9.815479278564453125 9.762958526611328125 9.7752695083618164062 9.7399225234985351562 9.7168254852294921875 9.6863613128662109375 9.3386631011962890625 8.76873016357421875 9.4633779525756835938 9.2751102447509765625 9.1612768173217773438 9.40102386474609375 9.361560821533203125 9.1604747772216796875 9.0093584060668945312 8.9759111404418945312 9.222625732421875 9.1424455642700195312 8.8993320465087890625 9.1952867507934570312 9.0766592025756835938 8.7863416671752929688 8.9334650039672851562 8.8224248886108398438 8.6957216262817382812 8.8657674789428710938 8.8791704177856445312 8.65390777587890625 8.8930215835571289062 8.8144073486328125
11.255067825317382812 10.485948562622070312 10.192474365234375 9.9158935546875 9.7263441085815429688 9.9791660308837890625 10.125815391540527344 10.047430992126464844 9.82714080810546875 9.785793304443359375 9.7318353652954101562 9.7809696197509765625 9.7989253997802734375 9.7984819412231445312 9.8257989883422851562 9.7319269180297851562 9.7560710906982421875 9.03528594970703125 9.1692943572998046875 9.553531646728515625 9.2792654037475585938 9.3293066024780273438 9.5352582931518554688 9.5321950912475585938 9.4590625762939453125 9.2442722320556640625 9.072879791259765625 9.3097133636474609375 9.2684116363525390625 9.2052860260009765625 9.224163055419921875 9.0928258895874023438 8.861186981201171875 9.061702728271484375 8.9308462142944335938 8.7797632217407226562 8.9855556488037109375 8.9419355392456054688 8.7495222091674804688 9.0291919708251953125 8.9210910797119140625
10.900152206420898438 10.6514892578125 11.265141487121582031 11.043976783752441406 10.7230377197265625 10.249484062194824219 10.633984565734863281 10.132254600524902344 9.9448823928833007812 9.9394311904907226562 9.8746728897094726562 9.8458757400512695312 9.821300506591796875 9.741970062255859375 9.8223714828491210938 9.7898387908935546875 9.719196319580078125 8.982208251953125 9.5837497711181640625 9.59233856201171875 9.2835683822631835938 9.3203716278076171875 9.34651947021484375 9.2637186050415039062 9.2095746994018554688 9.0958433151245117188 9.1293306350708007812 9.2998094558715820312 9.2409105300903320312 9.1842060089111328125 9.1112146377563476562 9.0083341598510742188 8.9174518585205078125 9.1806926727294921875 9.048702239990234375 8.8770380020141601562 9.1201419830322265625 9.083934783935546875 8.8285570144653320312 9.1187181472778320312 9.0354766845703125
10.952321052551269531 10.533052444458007812 11.203429222106933594 11.400747299194335938 11.061661720275878906 10.443709373474121094 10.580118179321289062 10.167226791381835938 10.279575347900390625 10.509031295776367188 10.48395538330078125 10.316358566284179688 10.163855552673339844 10.051168441772460938 9.9213199615478515625 9.8601655960083007812 9.48853302001953125 9.222591400146484375 9.8359928131103515625 9.5829687118530273438 9.4259977340698242188 9.534881591796875 9.3130130767822265625 9.2022953033447265625 9.2906007766723632812 9.3212900161743164062 9.458873748779296875 9.5187959671020507812 9.360576629638671875 9.2670125961303710938 9.4415912628173828125 9.2925472259521484375 9.0190258026123046875 9.3245391845703125 9.2206907272338867188 8.9598541259765625 9.2372064590454101562 9.1857805252075195312 8.8739004135131835938 9.06584930419921875 9.070308685302734375
10.4539794921875 10.555071830749511719 10.619547843933105469 11.052867889404296875 10.659743309020996094 10.890623092651367188 10.754495620727539062 10.279615402221679688 10.502003669738769531 10.655201911926269531 10.576912879943847656 10.560939788818359375 10.286042213439941406 10.246002197265625 10.26837158203125 10.223566055297851562 9.612728118896484375 9.6741275787353515625 9.9430646896362304688 9.5429029464721679688 9.6197948455810546875 9.780029296875 9.7556209564208984375 9.5847806930541992188 9.627201080322265625 9.6361036300659179688 9.65522003173828125 9.6445264816284179688 9.4452447891235351562 9.3893785476684570312 9.6565656661987304688 9.4684152603149414062 9.13678741455078125 9.521228790283203125 9.42929840087890625 9.0479040145874023438 9.3544940948486328125 9.3584814071655273438 8.9705686569213867188 9.1348133087158203125 9.1869058609008789062
10.350263595581054688 11.0591583251953125 11.127351760864257812 11.051301956176757812 10.431021690368652344 11.111472129821777344 10.665937423706054688 10.520867347717285156 10.727646827697753906 10.717828750610351562 10.575113296508789062 10.486378669738769531 10.31097412109375 10.230185508728027344 10.054726600646972656 10.009345054626464844 9.6071710586547851562 9.883941650390625 9.8138294219970703125 9.5874471664428710938 9.9188480377197265625 10.051792144775390625 10.057943344116210938 9.857128143310546875 9.7256145477294921875 9.6393861770629882812 9.6770124435424804688 9.6696195602416992188 9.4324102401733398438 9.4910106658935546875 9.7651529312133789062 9.5543498992919921875 9.260921478271484375 9.6900110244750976562 9.5502147674560546875 9.135009765625 9.4324789047241210938 9.4289760589599609375 9.0728330612182617188 9.3820695877075195312 9.4063062667846679688
10.663794517517089844 10.725455284118652344 10.838040351867675781 10.723737716674804688 10.439184188842773438 10.772755622863769531 10.596096992492675781 10.688057899475097656 10.846837043762207031 10.897043228149414062 10.751826286315917969 10.698108673095703125 10.671275138854980469 10.422703742980957031 10.211281776428222656 10.159127235412597656 9.4698991775512695312 10.083957672119140625 9.8028287887573242188 9.7310323715209960938 10.090052604675292969 10.283129692077636719 10.289313316345214844 10.086752891540527344 9.9007720947265625 9.6980743408203125 9.6414365768432617188 9.6520748138427734375 9.4665508270263671875 9.4860086441040039062 9.5782175064086914062 9.4292593002319335938 9.2903881072998046875 9.5180120468139648438 9.4132604598999023438 9.1979894638061523438 9.3528499603271484375 9.32616424560546875 9.1187658309936523438 9.2488374710083007812 9.294086456298828125
11.491825103759765625 11.367960929870605469 11.114316940307617188 10.749459266662597656 10.935596466064453125 11.116251945495605469 10.738955497741699219 10.822534561157226562 10.911389350891113281 10.737880706787109375 10.594095230102539062 10.599831581115722656 10.651783943176269531 10.366397857666015625 10.458355903625488281 10.055026054382324219 9.7180938720703125 10.314111709594726562 9.9047231674194335938 10.003647804260253906 10.282152175903320312 10.541831016540527344 10.51865386962890625 10.289404869079589844 10.0563812255859375 9.8584117889404296875 9.737339019775390625 9.7271108627319335938 9.6000347137451171875 9.6495943069458007812 9.9336919784545898438 9.71198272705078125 9.4394674301147460938 9.81987762451171875 9.7781267166137695312 9.3453588485717773438 9.6949405670166015625 9.68447113037109375 9.298061370849609375 9.4496126174926757812 9.5588817596435546875
11.445126533508300781 11.413042068481445312 11.446157455444335938 11.43840789794921875 11.398279190063476562 11.142123222351074219 10.999417304992675781 11.195267677307128906 11.238314628601074219 10.801432609558105469 10.898633003234863281 10.946470260620117188 10.712329864501953125 10.379767417907714844 10.700937271118164062 9.761444091796875 10.16570281982421875 10.31247711181640625 9.8994836807250976562 10.2362823486328125 10.541051864624023438 10.809790611267089844 10.726969718933105469 10.458558082580566406 10.198856353759765625 10.038158416748046875 9.9184055328369140625 9.8284978866577148438 9.6797113418579101562 9.8140134811401367188 10.200504302978515625 9.9788179397583007812 9.61496734619140625 10.108475685119628906 9.9872589111328125 9.4711828231811523438 9.9643077850341796875 9.9263095855712890625 9.4658536911010742188 9.5908069610595703125 9.6915388107299804688
11.922473907470703125 11.750960350036621094 11.579908370971679688 11.433726310729980469 11.242623329162597656 11.151436805725097656 11.229984283447265625 11.33687591552734375 11.176334381103515625 10.809885025024414062 11.040612220764160156 11.143999099731445312 10.874423980712890625 10.566959381103515625 10.684273719787597656 9.7367954254150390625 10.494264602661132812 10.273406982421875 10.023278236389160156 10.342046737670898438 10.57700347900390625 10.7792510986328125 10.826870918273925781 10.637071609497070312 10.372774124145507812 10.326059341430664062 10.26670074462890625 10.035243034362792969 9.75310516357421875 9.8892278671264648438 10.322050094604492188 10.1072540283203125 9.7346649169921875 10.242862701416015625 10.040357589721679688 9.5509958267211914062 10.132399559020996094 10.053043365478515625 9.5570964813232421875 9.6776227951049804688 9.761104583740234375
