bin-data.asc
ncols        180
nrows        360
xllcorner    -122.050277314182
yllcorner    37.300277404166
cellsize     0.000277777780
NODATA_value  -999999
[rows 54 to 71 of 360, columns 0 to 40 of 180]
28.323307037353515625 28.170690536499023438 27.949243545532226562 27.74182891845703125 27.798496246337890625 27.798158645629882812 27.679998397827148438 27.517049789428710938 27.517490386962890625 27.607858657836914062 27.586042404174804688 27.582017898559570312 27.5756683349609375 27.605268478393554688 27.660289764404296875 27.660348892211914062 27.638822555541992188 27.646007537841796875 27.53778839111328125 27.443372726440429688 27.095312118530273438 26.975881576538085938 27.174703598022460938 27.029832839965820312 26.877923965454101562 27.421274185180664062 26.59267425537109375 26.303232192993164062 26.095514297485351562 26.88254547119140625 26.298265457153320312 25.81970977783203125 25.466718673706054688 25.3009796142578125 25.656490325927734375 25.76804351806640625 25.129123687744140625 25.190952301025390625 25.06179046630859375 24.914815902709960938 24.805803298950195312
28.757463455200195312 28.886875152587890625 28.87668609619140625 28.634878158569335938 28.304506301879882812 28.077039718627929688 27.982767105102539062 27.953121185302734375 27.918649673461914062 27.794736862182617188 27.5936737060546875 27.410074234008789062 27.375013351440429688 27.455951690673828125 27.544246673583984375 27.5847015380859375 27.605899810791015625 27.5485992431640625 27.4357147216796875 27.359743118286132812 27.204938888549804688 27.355283737182617188 27.469011306762695312 27.331014633178710938 27.129957199096679688 27.250753402709960938 26.910335540771484375 26.766447067260742188 26.476184844970703125 27.035552978515625 26.850946426391601562 26.916486740112304688 26.84732818603515625 25.824235916137695312 26.2223052978515625 25.995641708374023438 25.575849533081054688 25.52066802978515625 25.310430526733398438 25.155086517333984375 25.006618499755859375
28.9026336669921875 28.861713409423828125 28.855360031127929688 28.903453826904296875 28.974657058715820312 28.92829132080078125 28.749460220336914062 28.396541595458984375 28.0944671630859375 27.859302520751953125 27.76853179931640625 27.579114913940429688 27.58113861083984375 27.630910873413085938 27.637989044189453125 27.726558685302734375 27.71022796630859375 27.721677780151367188 27.774141311645507812 27.787494659423828125 27.561635971069335938 27.743070602416992188 27.60518646240234375 27.507366180419921875 28.0081024169921875 27.662343978881835938 27.6660614013671875 27.562929153442382812 27.247762680053710938 26.999973297119140625 26.83827972412109375 26.630079269409179688 26.149843215942382812 26.261463165283203125 26.363348007202148438 26.275348663330078125 25.813232421875 25.802038192749023438 25.695323944091796875 25.56899261474609375 25.449169158935546875
29.23058319091796875 29.262231826782226562 29.094038009643554688 29.045820236206054688 28.990816116333007812 28.998167037963867188 28.985569000244140625 28.99102020263671875 28.911363601684570312 28.65505218505859375 28.253576278686523438 27.974229812622070312 27.918901443481445312 27.96964263916015625 28.074275970458984375 28.291379928588867188 28.292575836181640625 27.960384368896484375 27.98149871826171875 27.857303619384765625 27.921539306640625 27.966009140014648438 27.855787277221679688 28.2059326171875 27.88080596923828125 27.691890716552734375 27.87038421630859375 27.629253387451171875 27.771856307983398438 27.540143966674804688 26.53162384033203125 26.613399505615234375 26.5464019775390625 26.953390121459960938 27.147531509399414062 26.2990875244140625 26.056364059448242188 25.9695587158203125 25.789974212646484375 25.630472183227539062 25.533792495727539062
29.66233062744140625 29.459842681884765625 29.271570205688476562 29.226490020751953125 29.15909576416015625 29.097322463989257812 29.085729598999023438 29.083494186401367188 28.939022064208984375 28.940698623657226562 28.978321075439453125 28.9340362548828125 28.798913955688476562 28.644433975219726562 28.537324905395507812 28.481393814086914062 28.490591049194335938 28.35573577880859375 28.263864517211914062 28.05854034423828125 28.251562118530273438 28.098924636840820312 28.157438278198242188 28.095790863037109375 28.685543060302734375 27.880411148071289062 28.376489639282226562 27.355398178100585938 27.658819198608398438 27.088354110717773438 26.949710845947265625 26.667936325073242188 26.82018280029296875 26.58380889892578125 26.505252838134765625 26.33457183837890625 26.229223251342773438 26.288000106811523438 25.952617645263671875 25.827190399169921875 25.796237945556640625
30.43364715576171875 30.275793075561523438 30.100862503051757812 29.8114776611328125 29.50748443603515625 29.371446609497070312 29.400020599365234375 29.380224227905273438 29.349744796752929688 29.168611526489257812 29.039630889892578125 28.942247390747070312 29.019161224365234375 29.12052154541015625 29.15908050537109375 29.157003402709960938 28.981908798217773438 28.625604629516601562 28.339544296264648438 28.372776031494140625 28.624635696411132812 28.397241592407226562 28.376169204711914062 28.876604080200195312 28.56638336181640625 28.182537078857421875 28.473287582397460938 27.92865753173828125 28.21105194091796875 27.751628875732421875 27.78296661376953125 26.854757308959960938 26.938722610473632812 26.7501678466796875 26.661325454711914062 26.607900619506835938 26.675523757934570312 26.647108078002929688 26.385356903076171875 26.210424423217773438 26.161144256591796875
30.274953842163085938 30.205074310302734375 30.175958633422851562 30.159193038940429688 30.141193389892578125 30.08649444580078125 29.701816558837890625 29.492589950561523438 29.5628662109375 29.518627166748046875 29.389368057250976562 29.151678085327148438 29.127393722534179688 29.126985549926757812 29.138896942138671875 29.198749542236328125 29.226137161254882812 29.200984954833984375 29.069225311279296875 29.0657196044921875 29.0682525634765625 28.65674591064453125 28.5714874267578125 29.500761032104492188 28.985666275024414062 28.69708251953125 28.812604904174804688 28.99829864501953125 28.269170761108398438 28.149065017700195312 27.913469314575195312 27.566082000732421875 27.417301177978515625 27.290956497192382812 26.955121994018554688 26.662431716918945312 26.665309906005859375 26.905965805053710938 26.927762985229492188 26.747013092041015625 26.497072219848632812
30.481678009033203125 30.316587448120117188 30.177968978881835938 30.057020187377929688 29.963375091552734375 29.978208541870117188 29.755886077880859375 29.729120254516601562 29.73979949951171875 29.646139144897460938 29.414735794067382812 29.324169158935546875 29.323911666870117188 29.306629180908203125 29.377592086791992188 29.396839141845703125 29.289316177368164062 29.272432327270507812 29.278356552124023438 29.360700607299804688 29.332593917846679688 28.980329513549804688 28.87114715576171875 29.246824264526367188 28.635791778564453125 28.99152374267578125 29.405666351318359375 28.980884552001953125 29.0460052490234375 28.825971603393554688 28.744356155395507812 28.444646835327148438 28.135639190673828125 27.826137542724609375 27.07170867919921875 26.677419662475585938 26.972555160522460938 27.117746353149414062 27.141992568969726562 27.036563873291015625 26.725793838500976562
30.982534408569335938 30.839624404907226562 30.616361618041992188 30.450708389282226562 30.216648101806640625 29.964113235473632812 29.817079544067382812 30.018659591674804688 29.785898208618164062 29.804050445556640625 29.589778900146484375 29.618442535400390625 29.601732254028320312 29.522546768188476562 29.588380813598632812 29.537714004516601562 29.503774642944335938 29.578220367431640625 29.466701507568359375 29.430154800415039062 29.3809661865234375 29.2203521728515625 29.052459716796875 28.863252639770507812 28.601861953735351562 28.880146026611328125 28.80994415283203125 28.564126968383789062 29.429227828979492188 28.961069107055664062 28.988277435302734375 28.946596145629882812 28.350576400756835938 28.058706283569335938 27.173845291137695312 26.941242218017578125 27.183929443359375 27.387269973754882812 27.417581558227539062 27.274145126342773438 26.861484527587890625
30.888422012329101562 30.87125396728515625 31.139596939086914062 31.074064254760742188 30.625696182250976562 30.291448593139648438 30.307201385498046875 30.2267303466796875 29.983121871948242188 29.961458206176757812 29.666143417358398438 29.90349578857421875 29.782148361206054688 29.979085922241210938 29.756025314331054688 29.64388275146484375 29.558757781982421875 29.741720199584960938 29.6967620849609375 29.525510787963867188 29.439945220947265625 29.40155029296875 29.243810653686523438 29.1456298828125 29.018077850341796875 28.91199493408203125 28.744527816772460938 28.6902923583984375 28.711536407470703125 28.452117919921875 28.97780609130859375 28.843149185180664062 28.685674667358398438 28.408489227294921875 27.324068069458007812 27.306570053100585938 27.389970779418945312 27.495065689086914062 27.33560943603515625 27.21112060546875 26.629642486572265625
31.216104507446289062 30.840908050537109375 31.300266265869140625 31.201402664184570312 30.672731399536132812 30.6104888916015625 30.623552322387695312 30.582086563110351562 30.560337066650390625 30.369401931762695312 30.042461395263671875 30.167591094970703125 30.110103607177734375 30.215465545654296875 30.058931350708007812 29.884124755859375 29.776319503784179688 29.762172698974609375 29.755239486694335938 29.672365188598632812 29.816436767578125 29.68248748779296875 29.547473907470703125 29.400279998779296875 29.157123565673828125 29.02251434326171875 28.974054336547851562 28.906751632690429688 28.819196701049804688 28.7126007080078125 28.756481170654296875 28.520965576171875 28.903106689453125 28.18167877197265625 27.462266921997070312 27.636243820190429688 27.7484130859375 27.715251922607421875 27.48844146728515625 27.303476333618164062 26.695493698120117188
31.4088592529296875 31.076389312744140625 31.462083816528320312 31.378330230712890625 30.953388214111328125 31.270641326904296875 31.21807861328125 31.175531387329101562 30.893136978149414062 30.678491592407226562 30.321184158325195312 30.363225936889648438 30.06415557861328125 30.404516220092773438 30.283998489379882812 30.3487091064453125 30.276498794555664062 30.156391143798828125 29.975025177001953125 29.908233642578125 30.17075347900390625 29.865217208862304688 29.730192184448242188 29.598489761352539062 29.394672393798828125 29.223918914794921875 29.195417404174804688 29.114126205444335938 28.962247848510742188 28.925916671752929688 28.847394943237304688 28.793684005737304688 28.683855056762695312 28.142337799072265625 27.632936477661132812 27.63632965087890625 27.963436126708984375 28.002811431884765625 27.675167083740234375 27.280839920043945312 26.96341705322265625
31.583887100219726562 31.480554580688476562 31.520536422729492188 31.322071075439453125 31.196996688842773438 31.334581375122070312 31.460865020751953125 31.611692428588867188 31.614027023315429688 31.41959381103515625 31.218954086303710938 31.041173934936523438 30.84487152099609375 30.648260116577148438 30.450281143188476562 30.507160186767578125 30.555570602416992188 30.431291580200195312 30.1332550048828125 30.080036163330078125 30.341455459594726562 30.511693954467773438 30.373439788818359375 30.08034515380859375 29.678934097290039062 29.425485610961914062 29.331024169921875 29.309617996215820312 29.220678329467773438 29.234455108642578125 28.942041397094726562 28.7940673828125 28.759477615356445312 28.745594024658203125 28.631174087524414062 28.428087234497070312 28.269573211669921875 28.01035308837890625 27.57259368896484375 27.356348037719726562 27.2584075927734375
31.7253265380859375 32.095539093017578125 32.106891632080078125 31.645833969116210938 31.756303787231445312 31.771556854248046875 31.54148101806640625 31.441015243530273438 31.423017501831054688 31.316555023193359375 31.172502517700195312 31.1503143310546875 31.34146881103515625 31.42482757568359375 31.285863876342773438 31.117502212524414062 30.771831512451171875 30.385402679443359375 30.348552703857421875 30.315164566040039062 30.2021942138671875 30.161081314086914062 30.163684844970703125 30.061611175537109375 29.865942001342773438 29.740804672241210938 29.660203933715820312 29.564853668212890625 29.39023590087890625 29.286869049072265625 29.216793060302734375 29.055997848510742188 28.805643081665039062 28.785146713256835938 28.723085403442382812 28.702146530151367188 28.703868865966796875 28.5902252197265625 28.31142425537109375 28.079187393188476562 27.674274444580078125
32.28971099853515625 32.444217681884765625 32.225276947021484375 31.868841171264648438 32.108791351318359375 32.1537322998046875 32.1751251220703125 32.0191650390625 31.959381103515625 31.588613510131835938 31.22967529296875 31.15459442138671875 31.207183837890625 31.217107772827148438 31.246923446655273438 31.346906661987304688 31.080791473388671875 30.6273040771484375 30.719846725463867188 30.827985763549804688 30.661664962768554688 30.436779022216796875 30.210226058959960938 29.992185592651367188 29.83913421630859375 29.743257522583007812 29.753910064697265625 29.765651702880859375 29.673681259155273438 29.485805511474609375 29.477231979370117188 29.337213516235351562 29.091585159301757812 29.06756591796875 28.961019515991210938 28.849500656127929688 28.762676239013671875 28.696664810180664062 28.64665985107421875 28.551477432250976562 28.381185531616210938
33.000530242919921875 32.80731964111328125 32.4067230224609375 32.1223907470703125 32.23761749267578125 32.22821044921875 32.18268585205078125 32.08443450927734375 32.0232086181640625 31.704439163208007812 31.434541702270507812 31.35235595703125 31.639720916748046875 31.435663223266601562 31.417255401611328125 31.469036102294921875 31.146924972534179688 30.85900115966796875 30.84494781494140625 30.81850433349609375 30.779268264770507812 30.725095748901367188 30.640132904052734375 30.46811676025390625 30.305059432983398438 30.117366790771484375 29.86847686767578125 29.677274703979492188 29.5301666259765625 29.6572113037109375 29.814737319946289062 29.539548873901367188 29.379049301147460938 29.341644287109375 29.227230072021484375 29.126779556274414062 28.997720718383789062 28.844190597534179688 28.805215835571289062 28.7256622314453125 28.60347747802734375
33.351352691650390625 33.247524261474609375 32.660327911376953125 32.48459625244140625 32.525234222412109375 32.37805938720703125 32.08513641357421875 32.00844573974609375 32.06829833984375 31.945308685302734375 31.768129348754882812 31.616243362426757812 31.1535797119140625 31.364534378051757812 31.871372222900390625 31.84116363525390625 31.476396560668945312 31.14617919921875 31.25513458251953125 31.022489547729492188 30.82202911376953125 30.6606292724609375 30.508602142333984375 30.440303802490234375 30.501218795776367188 30.549764633178710938 30.35814666748046875 30.03863525390625 29.783412933349609375 29.955072402954101562 30.074140548706054688 29.752801895141601562 29.69916534423828125 29.57817840576171875 29.431100845336914062 29.370882034301757812 29.24800872802734375 29.109991073608398438 29.075761795043945312 29.066471099853515625 28.978239059448242188
33.31801605224609375 33.22263336181640625 32.8391265869140625 32.951541900634765625 32.857570648193359375 32.61969757080078125 32.3304595947265625 32.363040924072265625 32.485591888427734375 32.321971893310546875 32.190662384033203125 30.951421737670898438 29.195974349975585938 30.205198287963867188 32.324718475341796875 31.809871673583984375 31.45548248291015625 31.45619964599609375 31.548727035522460938 31.358264923095703125 31.283575057983398438 31.129150390625 30.90863800048828125 30.727907180786132812 30.521883010864257812 30.439424514770507812 30.47740936279296875 30.227098464965820312 30.197793960571289062 30.348249435424804688 30.279790878295898438 30.034994125366210938 30.086200714111328125 29.992349624633789062 29.816257476806640625 29.5720367431640625 29.415218353271484375 29.308437347412109375 29.222398757934570312 29.14403533935546875 29.103883743286132812
